Marchew 7.000000 80 1
Jablko 5.500000 50 2
Pomidor 8.000000 75 3
Gruszka 7.300000 60 4
Banan 6.000000 10 5
Cytryna 3.500000 120 6
Truskawki 12.000000 40 7
Ananas 15.800000 30 8
Kapusta 2.500000 90 9
Brokuly 4.800000 70 10
Papryka 9.500000 55 11
Cebula 3.000000 110 12
Dynia 6.700000 65 13
Kiwi 4.200000 85 14
Maliny 14.500000 49 15
Pietruszka 2.800000 95 16
Pomarancza 8.200000 60 17
Por 5.900000 75 18
Czosnek 1.500000 130 19
Winogrono 11.300000 50 20
Borowki 16.000000 35 21
Szpinak 3.700000 100 22
Mango 13.200000 0 23
Arbuz 7.600000 55 24
Slivki 9.800000 70 25
Awokado 14.900000 30 26
Brokuly 4.500000 80 27
Kiwi 4.000000 95 28
Mandarynki 6.800000 65 29
Granat 12.500000 100 30
Grzyby 10.500000 100 31
Winogrona 30.000000 200 32
Parowki 7.500000 300 33
Kielbasa 13.400000 100 34
Ul 350.000000 15 35
Kukurydza 20.000000 100 36
Ser 2.500000 100 37
Brzoskwinie 3.500000 130 38
Kawa 15.000000 99 39
Wodka 35.000000 0 40
>